A = [ -0.0867790349139017	0	-824.200000000000	-32.2000000000000;
-0.00534866473179000	-1.18064899101990	0.333560253064027	0;
0.00259637042348703	-0.0203939706457506	-0.227714329327546	0;
0	1	0	0]


B = [0	18.3314649721545;
-2.11147086640861	0.544868018853635;
-0.0651835842357097	-1.16471721975983;
0	0]


K = [-0.00803668643971925	0.0964051428518962	17.4951015915142	0.582317948430723;
-0.00157964961518267	-0.0214572099659299	-1.56817151115705	-0.0633232913362506]


